version https://git-lfs.github.com/spec/v1
oid sha256:1ce9c84a0296c2a2ccb06f342db470ea5dc7d9662bd4ad113f6603a12fdd9843
size 7088
